******************************************************************************************
BSDF_REFLECTION=1
BSDF_TRANSMISSION=2
BSDF_DIFFUSE=4
BSDF_GLOSSY=8
BSDF_SPECULAR=16
BSDF_ALL_TYPES=28
BSDF_ALL_REFLECTION=29
BSDF_ALL_TRANSMISSION=30
BSDF_ALL=31
******************************************************************************************

imageX,imageY,throughput,#isects,isect_positions,primitive_ids,shape_ids,spectra,interaction_types,light_ids

0,0,[1.045703,1.045703,1.045703],0
0,0,[0.097682,0.097682,0.097682],0
0,0,[0.103987,0.103987,0.103987],0
0,0,[0.001520,0.001520,0.001520],3
0,0,[0.100422,0.100422,0.100422],0
0,0,[1.000000,1.000000,1.000000],0
0,0,[0.095313,0.095313,0.095313],0
0,0,[2.043189,2.043189,2.043189],0
0,0,[0.115336,0.115336,0.115336],0
0,0,[0.780705,0.780705,0.780705],0
0,0,[0.495167,0.495167,0.495167],0
0,0,[0.123117,0.123117,0.123117],0
0,0,[0.097730,0.097730,0.097730],0
0,0,[0.166276,0.166276,0.166276],0
0,0,[1.000000,1.000000,1.000000],0
0,0,[1.000000,1.000000,1.000000],0
0,0,[0.129328,0.129328,0.129328],0
0,0,[0.095741,0.095741,0.095741],0
0,0,[0.497615,0.497615,0.497615],0
0,0,[0.100158,0.100158,0.100158],0
0,0,[0.125878,0.125878,0.125878],0
0,0,[0.088124,0.088124,0.088124],0
0,0,[1.000000,1.000000,1.000000],0
0,0,[1.000000,1.000000,1.000000],0
0,0,[1.000000,1.000000,1.000000],0
0,0,[2.317166,2.317166,2.317166],0
0,0,[0.100632,0.100632,0.100632],0
0,0,[0.105271,0.105271,0.105271],0
0,0,[0.093465,0.093465,0.093465],0
0,0,[1.000000,1.000000,1.000000],0
0,0,[1.158688,1.158688,1.158688],0
0,0,[1.000000,1.000000,1.000000],0
0,0,[0.097122,0.097122,0.097122],0
0,0,[0.103052,0.103052,0.103052],0
0,0,[0.098152,0.098152,0.098152],0
0,0,[0.098942,0.098942,0.098942],0
0,0,[0.132181,0.132181,0.132181],0
0,0,[1.000000,1.000000,1.000000],0
0,0,[1.584258,1.584258,1.584258],0
0,0,[1.391135,1.391135,1.391135],0
0,0,[0.001056,0.001056,0.001056],2
1,0,[0.078387,0.078387,0.078387],0
0,0,[1.000000,1.000000,1.000000],0
1,0,[0.110823,0.110823,0.110823],0
0,0,[0.104137,0.104137,0.104137],0
0,0,[0.311432,0.311432,0.311432],0
1,0,[0.114226,0.114226,0.114226],0
0,0,[1.121839,1.121839,1.121839],0
0,0,[0.113834,0.113834,0.113834],0
0,0,[1.000000,1.000000,1.000000],0
1,0,[0.082728,0.082728,0.082728],4
1,0,[0.109763,0.109763,0.109763],0
0,0,[1.655296,1.655296,1.655296],0
1,0,[0.103671,0.103671,0.103671],0
0,0,[1.000000,1.000000,1.000000],0
1,0,[0.096401,0.096401,0.096401],0
0,0,[0.100442,0.100442,0.100442],0
1,0,[0.100471,0.100471,0.100471],0
0,0,[1.000000,1.000000,1.000000],0
1,0,[0.095481,0.095481,0.095481],0
0,0,[0.099871,0.099871,0.099871],0
1,0,[1.080206,1.080206,1.080206],0
0,0,[1.069664,1.069664,1.069664],0
0,0,[0.088999,0.088999,0.088999],0
0,0,[1.000000,1.000000,1.000000],0
0,0,[1.362134,1.362134,1.362134],0
0,0,[0.113456,0.113456,0.113456],0
1,0,[0.124019,0.124019,0.124019],0
0,0,[0.647370,0.647370,0.647370],0
1,0,[1.000000,1.000000,1.000000],0
0,0,[1.000000,1.000000,1.000000],0
1,0,[0.096987,0.096987,0.096987],0
0,0,[0.567005,0.567005,0.567005],0
1,0,[1.572909,1.572909,1.572909],0
0,0,[0.133223,0.133223,0.133223],0
1,0,[1.267789,1.267789,1.267789],1
0,0,[0.097754,0.097754,0.097754],0
1,0,[0.095832,0.095832,0.095832],0
0,0,[2.200841,2.200841,2.200841],0
1,0,[1.000000,1.000000,1.000000],0
0,0,[1.000000,1.000000,1.000000],0
1,0,[0.100059,0.100059,0.100059],0
0,0,[1.490747,1.490747,1.490747],0
1,0,[0.100203,0.100203,0.100203],0
0,0,[0.103053,0.103053,0.103053],0
1,0,[0.095111,0.095111,0.095111],0
0,0,[1.000000,1.000000,1.000000],0
1,0,[0.823793,0.823793,0.823793],0
1,0,[0.150214,0.150214,0.150214],0
0,0,[0.120118,0.120118,0.120118],0
0,0,[0.102042,0.102042,0.102042],0
1,0,[0.102698,0.102698,0.102698],0
0,0,[1.425486,1.425486,1.425486],0
0,0,[1.000000,1.000000,1.000000],0
1,0,[1.000000,1.000000,1.000000],0
0,0,[1.083874,1.083874,1.083874],0
1,0,[1.361702,1.361702,1.361702],0
1,0,[0.098627,0.098627,0.098627],0
0,0,[0.102363,0.102363,0.102363],0
1,0,[0.102511,0.102511,0.102511],0
1,0,[1.491026,1.491026,1.491026],0
0,0,[0.481222,0.481222,0.481222],0
1,0,[0.100875,0.100875,0.100875],0
0,0,[0.098254,0.098254,0.098254],0
0,0,[0.104943,0.104943,0.104943],1
1,0,[0.097261,0.097261,0.097261],0
0,0,[0.097308,0.097308,0.097308],0
0,0,[0.099033,0.099033,0.099033],0
1,0,[0.112469,0.112469,0.112469],1
0,0,[0.101651,0.101651,0.101651],0
1,0,[1.000000,1.000000,1.000000],0
0,0,[1.000000,1.000000,1.000000],0
1,0,[0.207337,0.207337,0.207337],0
0,0,[1.000000,1.000000,1.000000],0
1,0,[0.099835,0.099835,0.099835],0
0,0,[0.086551,0.086551,0.086551],0
1,0,[0.548969,0.548969,0.548969],0
1,0,[0.083534,0.083534,0.083534],0
0,0,[0.012019,0.012019,0.012019],1
1,0,[0.103262,0.103262,0.103262],0
1,0,[0.066652,0.066652,0.066652],0
0,0,[1.261860,1.261860,1.261860],0
1,0,[1.000000,1.000000,1.000000],0
0,0,[0.627260,0.627260,0.627260],0
1,0,[0.096672,0.096672,0.096672],0
0,0,[1.307575,1.307575,1.307575],0
0,0,[0.096394,0.096394,0.096394],0
0,0,[2.171288,2.171288,2.171288],0
0,0,[0.108782,0.108782,0.108782],0
0,0,[1.454796,1.454796,1.454796],0
1,0,[0.036841,0.036841,0.036841],4
0,0,[0.794940,0.794940,0.794940],0
0,0,[0.090168,0.090168,0.090168],0
1,0,[0.119492,0.119492,0.119492],0
0,0,[0.107429,0.107429,0.107429],0
1,0,[0.104503,0.104503,0.104503],0
0,0,[0.098033,0.098033,0.098033],0
1,0,[0.342535,0.342535,0.342535],0
0,0,[0.096978,0.096978,0.096978],0
0,0,[0.107589,0.107589,0.107589],0
1,0,[0.097441,0.097441,0.097441],0
1,0,[0.791086,0.791086,0.791086],0
0,0,[0.127916,0.127916,0.127916],0
1,0,[0.146288,0.146288,0.146288],0
0,0,[1.000000,1.000000,1.000000],0
0,0,[0.098615,0.098615,0.098615],0
1,0,[0.098412,0.098412,0.098412],0
0,0,[1.000000,1.000000,1.000000],0
1,0,[1.387956,1.387956,1.387956],0
1,0,[0.103813,0.103813,0.103813],0
0,0,[1.000000,1.000000,1.000000],0
1,0,[0.095657,0.095657,0.095657],0
1,0,[1.000000,1.000000,1.000000],0
0,0,[0.104051,0.104051,0.104051],0
0,0,[0.102918,0.102918,0.102918],0
0,0,[0.100097,0.100097,0.100097],0
0,0,[1.000000,1.000000,1.000000],0
1,0,[0.019233,0.019233,0.019233],4
0,0,[2.134374,2.134374,2.134374],0
1,0,[1.000000,1.000000,1.000000],0
0,0,[1.000000,1.000000,1.000000],0
0,0,[1.000000,1.000000,1.000000],0
0,0,[1.000000,1.000000,1.000000],0
1,0,[0.100822,0.100822,0.100822],0
0,0,[0.109624,0.109624,0.109624],0
1,0,[0.163406,0.163406,0.163406],0
0,0,[0.096441,0.096441,0.096441],0
1,0,[0.124601,0.124601,0.124601],0
0,0,[1.106322,1.106322,1.106322],0
1,0,[1.290866,1.290866,1.290866],0
1,0,[1.000000,1.000000,1.000000],0
0,0,[0.195718,0.195718,0.195718],0
0,0,[0.107064,0.107064,0.107064],0
1,0,[0.738553,0.738553,0.738553],1
0,0,[0.095790,0.095790,0.095790],0
1,0,[1.000000,1.000000,1.000000],0
1,0,[0.104850,0.104850,0.104850],0
0,0,[0.105322,0.105322,0.105322],0
1,0,[0.096263,0.096263,0.096263],0
1,0,[0.101847,0.101847,0.101847],0
0,0,[0.008241,0.008241,0.008241],2
0,0,[1.000000,1.000000,1.000000],0
1,0,[0.002376,0.002376,0.002376],3
0,0,[0.096872,0.096872,0.096872],0
0,0,[0.113570,0.113570,0.113570],0
1,0,[1.249553,1.249553,1.249553],0
0,0,[1.045231,1.045231,1.045231],0
1,0,[0.101156,0.101156,0.101156],0
1,0,[0.111101,0.111101,0.111101],0
0,0,[1.783308,1.783308,1.783308],1
1,0,[1.448745,1.448745,1.448745],0
1,0,[1.000000,1.000000,1.000000],0
0,0,[0.130532,0.130532,0.130532],0
0,0,[2.446349,2.446349,2.446349],0
1,0,[0.124402,0.124402,0.124402],0
0,0,[1.000000,1.000000,1.000000],0
1,0,[0.101581,0.101581,0.101581],0
0,0,[0.096047,0.096047,0.096047],0
1,0,[1.000000,1.000000,1.000000],0
0,0,[0.338667,0.338667,0.338667],0
1,0,[1.000000,1.000000,1.000000],0
1,0,[0.096749,0.096749,0.096749],0
1,0,[0.096560,0.096560,0.096560],0
0,0,[0.019395,0.019395,0.019395],1
1,0,[0.128889,0.128889,0.128889],0
0,0,[1.670619,1.670619,1.670619],0
1,0,[0.110448,0.110448,0.110448],0
0,0,[1.000000,1.000000,1.000000],0
1,0,[0.104541,0.104541,0.104541],0
0,0,[2.126070,2.126070,2.126070],0
1,0,[0.009454,0.009454,0.009454],1
0,0,[0.093229,0.093229,0.093229],0
0,0,[0.095168,0.095168,0.095168],0
1,0,[0.200912,0.200912,0.200912],1
0,0,[0.104883,0.104883,0.104883],0
1,0,[0.097155,0.097155,0.097155],0
0,0,[0.153033,0.153033,0.153033],0
0,0,[0.339523,0.339523,0.339523],0
1,0,[0.255535,0.255535,0.255535],0
0,0,[1.169762,1.169762,1.169762],0
1,0,[1.000000,1.000000,1.000000],0
0,0,[0.101124,0.101124,0.101124],0
0,0,[0.099652,0.099652,0.099652],0
0,0,[1.000000,1.000000,1.000000],0
1,0,[0.086075,0.086075,0.086075],0
0,0,[1.000000,1.000000,1.000000],0
1,0,[0.131305,0.131305,0.131305],0
0,0,[0.528890,0.528890,0.528890],0
1,0,[0.152764,0.152764,0.152764],0
0,0,[1.000000,1.000000,1.000000],0
1,0,[0.098775,0.098775,0.098775],0
0,0,[0.027430,0.027430,0.027430],0
0,0,[0.105401,0.105401,0.105401],0
1,0,[0.104692,0.104692,0.104692],0
0,0,[0.106853,0.106853,0.106853],0
0,0,[1.000000,1.000000,1.000000],0
1,0,[0.095880,0.095880,0.095880],0
0,0,[0.081159,0.081159,0.081159],0
1,0,[1.000000,1.000000,1.000000],0
1,0,[0.591310,0.591310,0.591310],0
0,0,[1.000000,1.000000,1.000000],0
1,0,[1.631039,1.631039,1.631039],0
0,0,[1.334399,1.334399,1.334399],0
0,0,[0.430499,0.430499,0.430499],0
1,0,[0.096904,0.096904,0.096904],0
0,0,[1.000000,1.000000,1.000000],0
0,0,[0.139342,0.139342,0.139342],0
1,0,[0.099261,0.099261,0.099261],0
0,0,[0.954665,0.954665,0.954665],0
1,0,[0.128454,0.128454,0.128454],0
0,0,[0.127139,0.127139,0.127139],0
1,0,[0.112604,0.112604,0.112604],0
1,0,[0.165150,0.165150,0.165150],0
0,0,[0.027717,0.027717,0.027717],0
1,0,[1.311544,1.311544,1.311544],1
1,0,[1.000000,1.000000,1.000000],0
0,0,[1.740220,1.740220,1.740220],0
0,0,[0.108618,0.108618,0.108618],0
0,0,[0.101967,0.101967,0.101967],0
1,0,[1.316741,1.316741,1.316741],0
0,0,[1.000000,1.000000,1.000000],0
0,0,[0.205881,0.205881,0.205881],0
0,0,[0.101279,0.101279,0.101279],0
0,0,[0.877753,0.877753,0.877753],0
0,0,[1.000000,1.000000,1.000000],0
1,0,[0.000578,0.000578,0.000578],4
0,0,[0.955499,0.955499,0.955499],0
0,0,[0.100535,0.100535,0.100535],0
1,0,[0.104119,0.104119,0.104119],0
0,0,[1.436552,1.436552,1.436552],0
1,0,[0.093660,0.093660,0.093660],0
1,0,[0.108447,0.108447,0.108447],0
1,0,[0.096031,0.096031,0.096031],0
0,0,[0.000695,0.000695,0.000695],3
1,0,[0.129466,0.129466,0.129466],0
1,0,[1.000000,1.000000,1.000000],0
0,0,[0.360796,0.360796,0.360796],0
1,0,[0.569810,0.569810,0.569810],0
0,0,[0.103686,0.103686,0.103686],0
1,0,[1.000000,1.000000,1.000000],0
0,0,[0.161800,0.161800,0.161800],0
1,0,[1.405322,1.405322,1.405322],1
1,0,[0.770713,0.770713,0.770713],0
1,0,[0.585604,0.585604,0.585604],0
1,0,[0.159696,0.159696,0.159696],0
0,0,[0.000704,0.000704,0.000704],4
0,0,[0.369889,0.369889,0.369889],0
0,0,[1.632202,1.632202,1.632202],0
1,0,[0.121327,0.121327,0.121327],0
1,0,[0.002566,0.002566,0.002566],4
1,0,[0.114872,0.114872,0.114872],0
1,0,[0.128356,0.128356,0.128356],0
1,0,[0.096624,0.096624,0.096624],0
1,0,[0.097878,0.097878,0.097878],0
1,0,[0.121647,0.121647,0.121647],0
1,0,[1.794718,1.794718,1.794718],0
1,0,[0.110429,0.110429,0.110429],0
1,0,[0.094819,0.094819,0.094819],0
1,0,[0.098718,0.098718,0.098718],0
1,0,[0.141360,0.141360,0.141360],0
1,0,[0.100631,0.100631,0.100631],0
1,0,[0.772340,0.772340,0.772340],0
1,0,[0.923541,0.923541,0.923541],0
1,0,[0.809512,0.809512,0.809512],0
1,0,[0.130909,0.130909,0.130909],0
1,0,[0.112765,0.112765,0.112765],0
1,0,[0.102409,0.102409,0.102409],0
1,0,[1.461084,1.461084,1.461084],0
1,0,[0.097842,0.097842,0.097842],0
1,0,[0.218118,0.218118,0.218118],0
1,0,[1.495379,1.495379,1.495379],0
1,0,[0.099870,0.099870,0.099870],0
1,0,[1.000000,1.000000,1.000000],0
1,0,[0.121088,0.121088,0.121088],0
1,0,[0.427401,0.427401,0.427401],0
1,0,[1.000000,1.000000,1.000000],0
1,0,[1.000000,1.000000,1.000000],0
1,0,[0.108114,0.108114,0.108114],0
1,0,[0.095323,0.095323,0.095323],0
1,0,[1.000000,1.000000,1.000000],0
1,0,[1.000000,1.000000,1.000000],0
1,0,[0.115596,0.115596,0.115596],0
1,0,[0.113366,0.113366,0.113366],0
1,0,[0.085926,0.085926,0.085926],0
1,0,[0.106380,0.106380,0.106380],1
1,0,[0.091720,0.091720,0.091720],0
0,1,[0.557340,0.557340,0.557340],0
1,0,[1.545796,1.545796,1.545796],0
1,0,[0.124841,0.124841,0.124841],1
1,0,[2.258031,2.258031,2.258031],0
1,0,[0.107961,0.107961,0.107961],0
1,0,[0.134058,0.134058,0.134058],0
1,0,[1.085091,1.085091,1.085091],0
0,1,[0.100772,0.100772,0.100772],0
1,0,[1.278301,1.278301,1.278301],0
0,1,[1.397087,1.397087,1.397087],0
1,0,[2.067948,2.067948,2.067948],0
1,0,[0.096106,0.096106,0.096106],0
1,0,[0.103307,0.103307,0.103307],0
0,1,[0.256161,0.256161,0.256161],0
1,0,[0.100632,0.100632,0.100632],0
1,0,[0.335630,0.335630,0.335630],0
1,0,[0.105400,0.105400,0.105400],0
1,0,[1.253938,1.253938,1.253938],0
1,0,[0.113581,0.113581,0.113581],0
1,0,[0.097764,0.097764,0.097764],0
1,0,[1.438697,1.438697,1.438697],1
1,0,[0.131927,0.131927,0.131927],0
1,0,[0.097727,0.097727,0.097727],0
1,0,[0.117502,0.117502,0.117502],0
1,0,[1.951867,1.951867,1.951867],0
1,0,[1.156987,1.156987,1.156987],1
1,0,[1.000000,1.000000,1.000000],0
1,0,[0.243407,0.243407,0.243407],0
0,1,[0.100557,0.100557,0.100557],0
1,0,[0.045300,0.045300,0.045300],0
0,1,[0.099017,0.099017,0.099017],0
0,1,[1.505867,1.505867,1.505867],0
1,0,[0.105510,0.105510,0.105510],0
1,1,[1.346694,1.346694,1.346694],0
1,0,[0.099046,0.099046,0.099046],0
1,1,[1.000000,1.000000,1.000000],0
1,0,[1.150884,1.150884,1.150884],0
1,0,[1.000000,1.000000,1.000000],0
0,1,[0.099494,0.099494,0.099494],0
1,0,[0.100488,0.100488,0.100488],0
1,1,[0.102899,0.102899,0.102899],0
1,0,[1.295364,1.295364,1.295364],0
0,1,[1.000000,1.000000,1.000000],0
1,0,[0.175438,0.175438,0.175438],0
1,1,[0.166424,0.166424,0.166424],0
1,0,[1.522451,1.522451,1.522451],0
1,0,[0.436291,0.436291,0.436291],0
1,0,[1.480935,1.480935,1.480935],0
0,1,[0.097898,0.097898,0.097898],0
1,0,[0.107138,0.107138,0.107138],0
1,1,[0.034749,0.034749,0.034749],0
0,1,[1.000000,1.000000,1.000000],0
1,1,[0.099652,0.099652,0.099652],0
0,1,[1.000000,1.000000,1.000000],0
1,1,[1.000000,1.000000,1.000000],0
0,1,[0.079792,0.079792,0.079792],0
1,1,[1.091007,1.091007,1.091007],0
1,1,[0.104132,0.104132,0.104132],0
0,1,[1.000000,1.000000,1.000000],0
0,1,[0.106855,0.106855,0.106855],0
1,1,[0.102989,0.102989,0.102989],0
0,1,[0.296769,0.296769,0.296769],0
1,1,[0.093075,0.093075,0.093075],0
0,1,[0.207778,0.207778,0.207778],0
0,1,[0.094753,0.094753,0.094753],0
1,1,[1.000000,1.000000,1.000000],0
0,1,[0.108408,0.108408,0.108408],0
1,1,[1.000000,1.000000,1.000000],0
0,1,[0.862748,0.862748,0.862748],0
1,1,[0.195382,0.195382,0.195382],0
0,1,[1.000000,1.000000,1.000000],0
0,1,[1.000000,1.000000,1.000000],0
1,1,[0.121558,0.121558,0.121558],0
0,1,[0.101527,0.101527,0.101527],0
0,1,[0.431674,0.431674,0.431674],0
1,1,[0.474538,0.474538,0.474538],0
0,1,[0.108557,0.108557,0.108557],0
1,1,[0.107156,0.107156,0.107156],0
1,1,[1.379373,1.379373,1.379373],0
1,1,[1.000000,1.000000,1.000000],0
0,1,[1.061772,1.061772,1.061772],0
0,1,[0.134004,0.134004,0.134004],0
0,1,[0.102021,0.102021,0.102021],0
0,1,[0.374677,0.374677,0.374677],0
0,1,[0.104371,0.104371,0.104371],0
1,1,[1.381737,1.381737,1.381737],0
0,1,[1.000000,1.000000,1.000000],0
1,1,[1.317370,1.317370,1.317370],0
0,1,[1.237970,1.237970,1.237970],0
1,1,[0.262503,0.262503,0.262503],0
1,1,[1.000000,1.000000,1.000000],0
1,1,[1.000000,1.000000,1.000000],0
1,1,[0.101314,0.101314,0.101314],0
1,1,[1.000000,1.000000,1.000000],0
1,1,[0.108546,0.108546,0.108546],0
1,1,[0.087515,0.087515,0.087515],0
1,1,[0.418485,0.418485,0.418485],0
1,1,[0.099127,0.099127,0.099127],0
